0
1000
29891551
29736219
29676233
29646388
29681378

1
1000
15736531
15778339
15861028
15888822
16039273

2
1000
3607477
3802498
3626150
3800974
3777606

3
1000
1269862
1256353
1262324
1261559
1263696

4
1000
593594
592983
593912
596190
597092

5
1000
148918
147545
146025
144372
145350

6
1000
8123
8087
8385
8450
8444

7
1000
113
123
128
117
148

8
1000
9
11
8
12
7

9
1000
5
5
5
6
5

10
1000
5
6
4
5
4

11
1000
3
5
3
3
3

12
1000
3
4
4
3
3

13
1000
2
2
2
2
2

14
1000
2
2
2
2
2

15
1000
1
2
2
2
2

16
1000
1
1
2
1
1

17
1000
1
1
1
1
1

18
1000
1
1
1
1
1

19
1000
1
1
1
1
0

